*	*	         3	       229	723,05784	1,44356e-09	229		1,00
*	*	         4	       228	714,37906	2,10694e-09	284		1,00
*	*	         5	       227	1109,65932	8,85799e-17	207		1,00
*	*	         6	       226	884,16900	1,44852e-12	149		1,00
*	*	         7	       225	924,71032	2,5157e-13	129		1,00
*	*	        11	       219	820,94384	2,14725e-11	202		1,00
*	*	        21	       146	995,35619	1,21713e-14	97		0,97
*	*	        22	       144	679,55390	9,33576e-09	125		1,00
*	~	        27	       141	822,45382	2,04806e-11	174		1,00
*	*	        28	       140	1391,25634	4,92691e-22	242		1,00
*	*	        30	       139	1244,15104	2,74505e-19	260		1,00
*	*	        32	       138	1283,33511	5,10988e-20	246		1,00
*	*	        34	       137	1309,68645	1,63971e-20	199		1,00
*	~	        57	       113	614,31981	1,51535e-07	69		0,92
*	*	        72	       106	1233,67013	4,30458e-19	131		1,00
*	*	        73	       105	851,49691	5,84777e-12	87		0,95
*	*	        78	       104	1219,17942	8,15774e-19	69		0,92
*	~	        88	       102	554,99354	1,93873e-06	64		0,91
*	*	       153	       212	586,63715	5,05095e-07	98		0,97
*	*	       154	       211	896,08979	8,60822e-13	184		1,00
*	~	       157	       206	327,31870	0,0320215	251		1,00
*	*	       158	       205	828,91433	1,54206e-11	120		1,00
*	*	       159	       204	488,23493	3,36152e-05	118		1,00
*	 	       168	       193	516,09731	1,03451e-05	108		0,99
*	~	       171	       189	1032,20566	2,49303e-15	229		1,00
*	~	       172	       188	689,21773	6,24763e-09	170		1,00
*	~	       173	       187	354,76569	0,0101737	239		1,00
*	*	       177	       185	792,35822	7,34317e-11	177		1,00
*	*	       178	       183	974,79006	2,92132e-14	170		1,00
