*	~	         6	       169	174,82792	0,0310282	85		0,95
*	~	         8	       167	175,57833	0,0287128	133		1,00
*	~	        10	       165	282,71638	3,82034e-06	74		0,93
*	~	        18	       162	333,21088	5,42986e-08	139		1,00
*	~	        25	       102	478,76315	2,51803e-13	52		0,88
*	~	        26	       101	355,79049	8,17866e-09	74		0,93
*	~	        27	        99	413,66193	6,12029e-11	100		0,98
*	~	        28	        98	650,41659	1,29227e-19	163		1,00
*	~	        29	        97	568,39131	1,31774e-16	181		1,00
*	~	        30	        96	239,52516	0,000141831	160		1,00
*	~	        31	        95	181,13767	0,0187347	158		1,00
*	~	        32	        95	228,39630	0,000363367	115		0,99
*	~	        47	        88	395,08600	2,97055e-10	56		0,89
*	~	        51	        81	586,93248	2,706e-17	83		0,95
*	~	        61	        80	390,24890	4,40874e-10	53		0,88
*	~	        62	        79	565,84237	1,60605e-16	59		0,90
*	~	        70	        77	287,47203	2,57768e-06	33		0,78
*	~	        89	        92	169,62453	0,0475116	56		0,89
*	~	       105	       155	262,16737	2,15477e-05	104		0,98
*	~	       106	       154	261,31215	2,24112e-05	130		1,00
*	~	       118	       142	392,91908	3,4788e-10	55		0,89
*	~	       121	       139	638,21766	3,61766e-19	120		1,00
*	~	       122	       138	374,28242	1,68736e-09	80		0,94
*	~	       123	       137	223,32426	0,000537576	105		0,98
*	~	       125	       135	202,97725	0,00300335	73		0,93
*	~	       126	       131	183,21799	0,0154265	70		0,92
