*	~	        15	       169	240,72804	0,000219566	157		1,00
*	~	        16	       168	436,83047	3,51171e-11	149		1,00
*	~	        17	       167	261,64871	4,13835e-05	85		0,95
*	~	        18	       161	180,63688	0,0263437	98		0,97
*	~	        19	       166	203,62090	0,00421393	64		0,91
*	~	        30	       101	475,49141	1,59559e-12	58		0,89
*	~	        31	       100	364,97401	1,06835e-08	77		0,93
*	~	        32	        98	375,37265	4,70194e-09	110		0,99
*	~	        36	        97	629,60255	7,38161e-18	164		1,00
*	~	        37	        96	309,67059	8,98409e-07	144		1,00
*	~	        39	        95	242,45736	0,000191496	149		1,00
*	~	        41	        94	210,52367	0,00243823	108		0,99
*	~	        50	        87	343,83433	5,82577e-08	48		0,86
*	~	        53	        81	526,98035	2,63456e-14	91		0,96
*	~	        54	        80	303,79326	1,43039e-06	53		0,88
*	~	        61	        79	522,73032	3,75982e-14	54		0,88
*	~	        68	        75	259,43858	4,87655e-05	36		0,80
*	~	       104	       156	207,97689	0,00295283	95		0,97
*	~	       105	       151	193,42907	0,00931585	129		1,00
*	~	       115	       142	388,36426	1,6626e-09	50		0,87
*	~	       118	       134	641,94414	2,75688e-18	123		1,00
*	~	       119	       133	445,76652	1,72426e-11	91		0,96
*	~	       120	       132	260,60027	4,49231e-05	119		1,00
*	~	       122	       131	204,43066	0,00388191	98		0,97
*	~	       128	       129	184,92035	0,01846	81		0,94
