*	~	        33	        95	492,52753	1,59202e-14	63		0,91
*	~	        34	        94	343,98677	1,82861e-08	70		0,92
*	~	        35	        91	433,87032	4,03593e-12	107		0,99
*	~	        36	        90	684,61221	1,94791e-22	149		1,00
*	~	        37	        88	625,81960	5,29895e-20	146		1,00
*	~	        39	        87	572,07975	8,33884e-18	156		1,00
*	~	        40	        86	561,33181	2,36341e-17	114		0,99
*	~	        49	        79	301,08457	1,0286e-06	46		0,86
*	~	        52	        73	616,63337	1,23973e-19	76		0,93
*	~	        54	        72	337,40517	3,49501e-08	55		0,89
*	~	        55	        71	508,79803	3,41274e-15	74		0,93
*	~	        62	        69	266,62998	2,45677e-05	36		0,80
*	~	        98	       160	224,49929	0,0011995	94		0,97
*	~	       101	       158	268,07758	2,19444e-05	64		0,91
*	~	       111	       134	364,25481	2,81901e-09	59		0,90
*	~	       114	       131	640,73399	1,26826e-20	125		1,00
*	~	       115	       130	429,22581	6,15592e-12	83		0,95
*	~	       116	       129	225,44186	0,0010732	112		0,99
*	~	       120	       128	199,09017	0,0117457	111		0,99
