*	~	         6	       157	192,41766	0,0291606	140		1,00
*	~	         8	       155	221,85386	0,00371076	70		0,92
*	~	        15	       152	314,29898	5,33526e-06	105		0,98
*	~	        22	        91	483,91022	2,8684e-11	67		0,91
*	~	        24	        90	346,01706	5,49912e-07	71		0,92
*	~	        25	        88	480,93171	3,53048e-11	105		0,98
*	~	        27	        86	634,36180	5,95046e-16	155		1,00
*	~	        28	        84	539,19845	5,53375e-13	161		1,00
*	~	        29	        83	634,45459	5,95046e-16	161		1,00
*	~	        30	        82	265,74596	0,000166832	134		1,00
*	~	        42	        75	376,21721	6,35616e-08	56		0,89
*	~	        46	        69	689,99403	1,07328e-17	87		0,95
*	~	        47	        68	446,23739	4,26294e-10	50		0,87
*	~	        48	        67	601,16322	6,41894e-15	43		0,84
*	~	        56	        63	266,16723	0,000162005	37		0,81
*	~	        95	       148	186,35679	0,0436797	64		0,91
*	~	        96	       147	266,07494	0,000162005	101		0,98
*	~	        99	       142	307,17500	8,80576e-06	81		0,94
*	~	       108	       133	373,66817	7,59038e-08	61		0,90
*	~	       112	       130	584,15439	2,17108e-14	123		1,00
*	~	       113	       129	339,20122	8,82071e-07	93		0,96
*	~	       114	       128	215,45833	0,00574418	115		0,99
*	~	       118	       126	188,65882	0,0378144	102		0,98
