*	~	        14	       170	196,47809	0,0481655	110		0,99
*	~	        14	       171	208,94351	0,0203085	117		1,00
*	~	        18	       166	394,79623	3,72751e-08	158		1,00
*	~	        26	       111	607,45283	8,58322e-15	64		0,91
*	~	        28	       110	343,59651	1,45411e-06	88		0,96
*	~	        29	       108	512,58109	7,74955e-12	115		0,99
*	~	        30	       107	741,82109	5,24162e-19	186		1,00
*	~	        31	       106	723,31980	2,0023e-18	195		1,00
*	~	        38	       105	272,75307	0,00022905	160		1,00
*	~	        39	       104	249,36428	0,00117851	121		1,00
*	~	        47	        97	364,83830	3,13231e-07	48		0,86
*	~	        59	        91	235,60960	0,00308406	77		0,93
*	~	        62	        88	528,98817	2,43375e-12	62		0,90
*	~	        78	        86	323,66021	5,98698e-06	40		0,83
*	~	       113	       162	264,69023	0,000399572	62		0,90
*	~	       114	       161	300,83790	3,02169e-05	135		1,00
*	~	       126	       150	403,02763	2,06254e-08	91		0,96
*	~	       129	       147	701,47169	9,70378e-18	138		1,00
*	~	       130	       146	475,52257	1,12035e-10	129		1,00
*	~	       131	       145	306,37714	2,06161e-05	168		1,00
*	~	       133	       144	227,41973	0,00551676	142		1,00
