*	~	         9	       211	209,55324	0,0332984	138		1,00
*	~	        10	       210	219,17328	0,0156694	212		1,00
*	~	        11	       209	299,72476	2,1622e-05	170		1,00
*	~	        14	       207	482,86760	5,66817e-12	115		0,99
*	~	        17	       204	521,79099	2,2617e-13	156		1,00
*	~	        30	       102	699,22425	8,76144e-20	77		0,93
*	~	        31	       101	489,32278	3,37599e-12	100		0,98
*	~	        32	        98	524,27512	1,8793e-13	142		1,00
*	~	        33	        97	855,04832	2,04339e-25	201		1,00
*	~	        34	        96	782,38115	8,74362e-23	209		1,00
*	~	        36	        95	774,80058	1,64456e-22	226		1,00
*	~	        39	        94	637,16891	1,52624e-17	168		1,00
*	~	        48	        87	514,06656	4,24521e-13	66		0,91
*	~	        51	        82	672,88278	7,83421e-19	119		1,00
*	~	        58	        81	412,87768	1,8807e-09	70		0,92
*	~	        59	        79	804,29305	1,41517e-23	61		0,90
*	~	        68	        75	403,33283	4,23709e-09	48		0,86
*	~	       143	       197	319,12504	4,46548e-06	132		1,00
*	~	       146	       191	273,38604	0,000187185	92		0,96
*	~	       148	       189	213,04492	0,0249976	87		0,95
*	~	       155	       181	540,86547	4,5977e-14	74		0,93
*	~	       157	       179	207,37237	0,0398221	125		1,00
*	~	       158	       178	841,38774	6,46971e-25	163		1,00
*	~	       159	       177	625,19266	4,15672e-17	124		1,00
*	~	       162	       176	359,53412	1,57187e-07	151		1,00
*	~	       164	       174	269,29614	0,000259981	144		1,00
*	~	       165	       173	224,94747	0,00981013	123		1,00
