*	~	        10	       206	612,62222	5,15373e-10	205		1,00
*	~	        11	       205	626,43667	2,43162e-10	251		1,00
*	~	        12	       204	885,59324	1,56666e-16	175		1,00
*	~	        13	       203	705,67082	3,09463e-12	133		1,00
*	~	        14	       197	337,40425	0,00186991	148		1,00
*	~	        24	       110	902,99777	5,8581e-17	78		0,94
*	~	        26	       109	605,12477	7,72265e-10	123		1,00
*	~	        27	       107	686,11038	9,01802e-12	145		1,00
*	~	        28	       105	1151,79613	6,64273e-23	225		1,00
*	~	        29	       104	1097,03463	1,34853e-21	256		1,00
*	~	        30	       103	1022,83893	7,98585e-20	243		1,00
*	~	        31	       102	914,06899	3,19062e-17	190		1,00
*	~	        44	        95	600,04545	1,03091e-09	79		0,94
*	~	        47	        89	984,57648	6,60484e-19	107		0,99
*	~	        50	        87	388,58165	0,000111858	117		1,00
*	~	        52	        88	352,99286	0,000790185	113		0,99
*	~	        60	        87	528,74916	5,08355e-08	133		1,00
*	~	        76	        83	484,25661	5,90609e-07	62		0,90
*	~	        96	       100	295,10903	0,0185018	93		0,96
*	~	       113	       191	365,19077	0,000408039	75		0,93
*	~	       141	       175	646,11542	8,1103e-11	67		0,91
*	~	       144	       172	1144,68281	9,96244e-23	190		1,00
*	~	       145	       171	783,00525	4,41224e-14	125		1,00
*	~	       146	       163	471,86427	1,18005e-06	179		1,00
*	~	       150	       161	449,46905	3,96071e-06	154		1,00
*	~	       151	       160	342,93860	0,00136363	161		1,00
