*	~	        17	       134	117.02328	0.0235647	174		1.00
*	~	        18	       133	117.86550	0.020867	221		1.00
*	~	        19	       129	180.58192	3.3623e-06	256		1.00
*	~	        20	       126	169.16133	1.70246e-05	274		1.00
*	~	        21	       125	141.07151	0.000867373	324		1.00
*	~	        22	       125	232.54676	1.95441e-09	322		1.00
*	~	        26	       124	498.20139	3.19892e-26	277		1.00
*	~	        28	       123	335.28378	6.69342e-16	230		1.00
*	~	        30	        33	121.55292	0.0128023	134		1.00
*	~	        31	        58	156.80925	9.70945e-05	100		0.98
*	~	        32	        55	509.96114	5.76144e-27	82		0.94
*	~	        33	        54	701.03241	4.16333e-39	138		1.00
*	~	        34	        53	187.20741	1.31068e-06	141		1.00
*	~	        34	       100	112.72183	0.0414201	176		1.00
*	~	        37	       102	335.84031	6.13321e-16	139		1.00
*	~	        41	        44	156.69147	9.70945e-05	188		1.00
*	~	        53	       100	140.38391	0.000943098	167		1.00
*	~	        61	        96	173.60029	8.98216e-06	299		1.00
*	~	        62	        94	264.45450	1.96762e-11	308		1.00
*	~	        63	        78	152.24909	0.00018305	260		1.00
*	~	        63	        93	242.81942	4.48068e-10	230		1.00
*	~	        64	        77	202.19781	1.53007e-07	192		1.00
*	~	        66	        76	689.37669	2.22231e-38	236		1.00
*	~	        73	        74	133.49277	0.00246092	136		1.00
*	~	       103	       122	394.34634	1.25967e-19	247		1.00
*	~	       106	       121	147.94671	0.000330269	273		1.00
*	~	       107	       121	415.74985	5.36412e-21	295		1.00
*	~	       108	       120	521.19010	1.1326e-27	244		1.00
*	~	       109	       119	269.63184	8.99648e-12	139		1.00
