*	*	         1	       116	1303,17860	2,94908e-28	205		1,00
*	*	         2	       115	2044,21795	7,49937e-46	278		1,00
*	*	         3	       114	1940,51158	2,14718e-43	296		1,00
*	*	         4	       113	1799,36025	4,91215e-40	397		1,00
*	*	         5	       112	1784,54235	1,1104e-39	483		1,00
*	*	         6	       111	1771,83381	2,20068e-39	483		1,00
*	*	         7	       110	1884,49007	4,66446e-42	386		1,00
*	~	        10	        14	285,77532	0,000397957	197		1,00
*	~	        10	        15	220,22804	0,0137369	216		1,00
*	~	        10	        30	304,47753	0,000143726	199		1,00
*	*	        12	        32	636,92597	1,95482e-12	153		1,00
*	*	        13	        31	1547,15850	4,76568e-34	110		0,99
*	*	        14	        30	1877,28151	6,92151e-42	200		1,00
*	*	        15	        29	552,77169	1,8828e-10	215		1,00
*	 	        15	        81	293,97944	0,000255321	276		1,00
*	~	        17	        85	736,92288	8,29083e-15	237		1,00
*	~	        22	        23	331,94272	3,23952e-05	215		1,00
*	~	        22	        94	242,25511	0,00415583	175		1,00
*	~	        22	        95	274,41081	0,000725238	191		1,00
*	~	        23	        95	519,77578	1,15108e-09	194		1,00
*	~	        23	        96	207,09737	0,027665	321		1,00
*	 	        29	        81	347,79445	1,36646e-05	255		1,00
*	*	        35	        54	1304,93522	2,72534e-28	498		1,00
*	*	        37	        52	1868,85324	1,08256e-41	494		1,00
*	*	        38	        51	2208,27488	9,50934e-50	379		1,00
*	*	        39	        50	1405,69926	1,08817e-30	253		1,00
*	*	        40	        49	1887,44919	3,98329e-42	316		1,00
*	~	        41	        48	220,77605	0,013385	223		1,00
*	~	        45	       118	246,74729	0,00328796	206		1,00
*	~	        46	        47	273,01234	0,00078427	125		1,00
*	~	        46	        48	208,31230	0,0262683	173		1,00
*	*	        86	       108	1511,43140	3,33822e-33	351		1,00
*	*	        87	       106	1925,77666	4,85403e-43	468		1,00
*	*	        88	       105	1931,41224	3,53981e-43	360		1,00
*	*	        90	       104	1277,72245	1,18861e-27	248		1,00
*	*	        91	       103	378,61008	2,55915e-06	151		1,00
*	~	        95	        96	205,81974	0,0299	297		1,00
