*	~	        13	       116	95,21727	4,36987e-12	60		0,90
*	~	        14	       115	117,69141	9,76566e-17	63		0,91
*	~	        15	       114	68,71810	1,12868e-06	75		0,93
*	~	        16	       113	62,95472	1,67593e-05	77		0,93
*	~	        17	       112	113,75070	6,25794e-16	65		0,91
*	~	        18	       111	97,95941	1,15948e-12	71		0,92
*	~	        22	        37	71,27235	3,44161e-07	25		0,69
*	~	        23	        36	129,43002	3,46696e-19	46		0,86
*	~	        24	        35	49,51328	0,00736581	39		0,82
*	~	        40	        65	89,85848	5,50432e-11	66		0,91
*	~	        41	        63	151,68822	7,57052e-24	79		0,94
*	~	        42	        62	155,74790	1,10081e-24	63		0,91
*	~	        43	        61	115,02849	3,50279e-16	46		0,86
*	~	        44	        60	113,44234	7,44768e-16	47		0,86
*	~	        49	        60	52,67318	0,00182273	42		0,84
*	~	        92	       110	84,60713	6,49945e-10	67		0,91
*	~	        93	       109	118,74816	5,78988e-17	78		0,94
*	~	        94	       108	147,31986	6,19724e-23	68		0,92
*	~	        95	       107	67,16071	2,34955e-06	34		0,79
