*	~	        15	       145	106,05850	0,0412	192		1,00
*	~	        16	       141	236,01310	4,41218e-12	208		1,00
*	~	        18	       139	297,75846	5,89671e-17	237		1,00
*	~	        19	       135	292,40700	1,63269e-16	255		1,00
*	~	        20	       134	364,82010	2,82098e-22	318		1,00
*	~	        23	       133	473,72871	6,22691e-31	288		1,00
*	~	        24	       132	430,17138	1,8589e-27	243		1,00
*	~	        26	        29	108,34586	0,0285242	125		1,00
*	~	        26	        55	119,62335	0,00436984	126		1,00
*	~	        27	        57	139,08987	0,000149289	102		0,98
*	~	        28	        56	375,81030	3,8378e-23	112		0,99
*	~	        29	        55	519,19264	1,44357e-34	141		1,00
*	~	        30	        54	181,30489	8,48794e-08	121		1,00
*	~	        30	       107	118,72703	0,00503885	169		1,00
*	~	        33	       110	249,25948	4,08251e-13	168		1,00
*	~	        54	       107	119,25409	0,00458246	170		1,00
*	~	        60	       100	150,64399	1,99933e-05	264		1,00
*	~	        61	        99	155,22487	8,64427e-06	317		1,00
*	~	        62	        79	153,40549	1,22126e-05	265		1,00
*	~	        62	        95	106,35456	0,0393561	253		1,00
*	~	        62	        96	160,18843	3,72851e-06	282		1,00
*	~	        64	        78	235,37054	5,13536e-12	197		1,00
*	~	        65	        77	529,26500	2,27088e-35	191		1,00
*	~	       111	       131	443,54202	1,58662e-28	237		1,00
*	~	       113	       130	658,45244	1,08758e-45	321		1,00
*	~	       114	       129	656,97344	1,40682e-45	249		1,00
*	~	       115	       128	369,27099	1,30994e-22	147		1,00
