*	~	        12	       139	221,65741	3,51114e-06	186		1,00
*	~	        13	       134	328,63563	1,79123e-10	210		1,00
*	~	        14	       133	296,87291	3,38134e-09	226		1,00
*	~	        15	       131	446,36198	3,44516e-15	250		1,00
*	~	        16	       130	514,47009	6,42765e-18	306		1,00
*	~	        17	       129	440,68147	5,86455e-15	283		1,00
*	~	        18	       128	437,04262	8,1978e-15	264		1,00
*	~	        20	        47	145,67914	0,00400519	137		1,00
*	~	        22	        49	188,13664	7,80539e-05	98		0,97
*	~	        23	        48	544,39655	4,07829e-19	83		0,95
*	~	        24	        47	717,98422	4,63458e-26	140		1,00
*	~	        25	        45	221,67531	3,51114e-06	143		1,00
*	~	        52	        71	290,46192	6,10996e-09	298		1,00
*	~	        53	        70	590,12884	6,02653e-21	268		1,00
*	~	        54	        69	901,12788	2,13751e-33	232		1,00
*	~	        56	        68	589,91375	6,1464e-21	162		1,00
*	~	        57	        67	616,23873	5,45307e-22	207		1,00
*	~	        63	        66	124,70408	0,028009	142		1,00
*	~	       101	       127	133,57736	0,0121614	250		1,00
*	~	       102	       126	413,01831	7,44897e-14	274		1,00
*	~	       104	       124	626,82528	2,03715e-22	232		1,00
*	~	       108	       123	271,67084	3,46633e-08	136		1,00
