*	~	        16	       156	275,59326	1,26451e-11	152		1,00
*	~	        17	       155	590,74498	5,77506e-30	192		1,00
*	~	        24	       154	511,78171	2,3195e-25	202		1,00
*	~	        27	       153	445,28324	1,75934e-21	238		1,00
*	~	        28	       150	541,84187	4,13311e-27	307		1,00
*	~	        29	       148	574,04842	5,54551e-29	261		1,00
*	~	        30	       147	463,94537	1,43483e-22	245		1,00
*	~	        32	        38	113,55734	0,0256111	133		1,00
*	~	        34	        62	149,60536	0,000231178	93		0,96
*	~	        35	        61	384,62769	5,88403e-18	96		0,97
*	~	        38	        60	529,05863	2,25322e-26	148		1,00
*	~	        43	        59	174,65880	8,50912e-06	123		1,00
*	~	        43	       115	158,79515	7,10675e-05	165		1,00
*	~	        45	       119	255,69300	1,82714e-10	175		1,00
*	~	        59	       115	166,26564	2,59314e-05	154		1,00
*	~	        65	        88	163,34439	3,80183e-05	278		1,00
*	~	        65	       108	180,37391	4,09171e-06	302		1,00
*	~	        66	        87	249,28681	4,24415e-10	243		1,00
*	~	        66	       107	136,28789	0,00134768	238		1,00
*	~	        68	        86	336,98769	3,47083e-15	144		1,00
*	~	        69	        85	556,90571	5,51511e-28	193		1,00
*	~	        79	        81	120,98550	0,00987173	168		1,00
*	~	        82	        83	109,24415	0,0455192	125		1,00
*	~	       120	       145	382,64852	7,53151e-18	215		1,00
*	~	       121	       144	472,15260	4,80223e-23	298		1,00
*	~	       123	       143	546,08373	2,34829e-27	248		1,00
*	~	       125	       139	367,42073	5,82135e-17	133		1,00
*	~	       127	       137	154,19984	0,000128223	112		0,99
