*	~	        12	       157	179,27693	0,000183687	176		1,00
*	~	        13	       156	382,08888	3,65665e-12	213		1,00
*	~	        14	       155	311,79127	1,69269e-09	257		1,00
*	~	        15	       154	308,26023	2,32828e-09	288		1,00
*	~	        15	       155	136,21267	0,0079139	279		1,00
*	~	        16	       149	128,12040	0,0158822	305		1,00
*	~	        16	       150	138,51857	0,00648554	307		1,00
*	~	        18	       148	134,60556	0,00909702	297		1,00
*	~	        18	       149	212,26420	1,02279e-05	302		1,00
*	~	        20	       147	206,13038	1,75132e-05	267		1,00
*	~	        22	        26	143,26598	0,00426973	128		1,00
*	~	        23	        59	145,08147	0,00364112	118		1,00
*	~	        24	        58	353,82550	4,32748e-11	109		0,99
*	~	        26	        57	561,96805	5,31449e-19	150		1,00
*	~	        30	        56	192,75848	5,67212e-05	141		1,00
*	~	        32	       119	119,40822	0,0345082	165		1,00
*	~	        37	        39	190,07286	7,06148e-05	240		1,00
*	~	        61	       106	254,66570	2,51496e-07	314		1,00
*	~	        63	       104	331,52373	3,0503e-10	313		1,00
*	~	        65	       103	330,18192	3,43769e-10	282		1,00
*	~	        66	        85	182,73968	0,00013625	206		1,00
*	~	        66	       102	117,60916	0,0396644	149		1,00
*	~	        68	        84	507,49924	6,22505e-17	207		1,00
*	~	       120	       146	211,42296	1,10762e-05	282		1,00
*	~	       122	       145	298,61068	5,37634e-09	272		1,00
*	~	       122	       146	181,81605	0,000147549	285		1,00
*	~	       124	       144	316,81652	1,09193e-09	233		1,00
*	~	       126	       143	376,93398	5,6687e-12	143		1,00
