*	~	        19	       166	167,87574	0,000298193	188		1,00
*	~	        20	       165	339,98871	2,01038e-11	211		1,00
*	~	        21	       164	323,56046	9,80177e-11	235		1,00
*	~	        22	       162	335,10942	3,24709e-11	249		1,00
*	~	        23	       161	466,76235	1,08338e-16	305		1,00
*	~	        24	       157	394,09040	1,14345e-13	280		1,00
*	~	        25	       156	374,79144	7,15879e-13	231		1,00
*	~	        27	        36	130,09856	0,0110118	163		1,00
*	~	        28	        75	143,08024	0,00321535	129		1,00
*	~	        29	        74	342,50379	1,59844e-11	128		1,00
*	~	        36	        61	376,82576	5,93425e-13	160		1,00
*	~	        81	       108	272,03734	1,37079e-08	293		1,00
*	~	        82	       107	549,69647	3,7756e-20	307		1,00
*	~	        83	       106	637,35814	8,49602e-24	253		1,00
*	~	        85	       105	405,20068	3,94954e-14	180		1,00
*	~	        86	       104	587,99200	9,63613e-22	219		1,00
*	~	       137	       154	286,99429	3,25285e-09	321		1,00
*	~	       138	       153	482,23401	2,46657e-17	230		1,00
*	~	       139	       152	279,66237	6,60827e-09	143		1,00
