*	~	         5	       146	138,06030	0,0117915	264		1,00
*	~	         6	       143	164,95350	0,000847305	272		1,00
*	~	         9	       147	191,79099	6,08295e-05	199		1,00
*	~	        10	       146	290,36060	3,2417e-09	239		1,00
*	~	        11	       143	331,63260	5,20261e-11	260		1,00
*	~	        14	       142	503,94100	1,56716e-18	303		1,00
*	~	        15	       141	523,38190	2,2183e-19	341		1,00
*	~	        16	       140	545,04674	2,45766e-20	352		1,00
*	~	        23	       139	475,50419	2,73185e-17	293		1,00
*	~	        25	        28	164,46450	0,000888707	180		1,00
*	~	        26	        65	154,38126	0,00241555	147		1,00
*	~	        27	        64	313,45441	3,22392e-10	146		1,00
*	~	        28	        63	508,77549	9,61308e-19	204		1,00
*	~	        32	        62	209,63026	1,02536e-05	205		1,00
*	~	        35	       118	179,36691	0,00020675	147		1,00
*	~	        67	        89	257,34141	8,77599e-08	314		1,00
*	~	        68	        88	523,80818	2,11247e-19	304		1,00
*	~	        70	        87	583,43910	5,15786e-22	274		1,00
*	~	        72	        86	340,49431	2,16652e-11	219		1,00
*	~	        74	        85	643,04259	1,25448e-24	249		1,00
*	~	        77	        78	123,54621	0,0480507	214		1,00
*	~	        79	        83	135,01871	0,01601	153		1,00
*	~	       109	       137	148,64334	0,00426911	303		1,00
*	~	       119	       138	304,63070	7,73359e-10	282		1,00
*	~	       120	       137	557,66987	6,89183e-21	331		1,00
*	~	       121	       135	728,78474	2,21401e-28	286		1,00
*	~	       122	       134	436,77443	1,35836e-15	179		1,00
