*	~	        34	       186	268,61378	4,04682e-06	349		1,00
*	~	        34	       187	186,87377	0,00291683	333		1,00
*	~	        35	       185	275,12131	2,34267e-06	386		1,00
*	~	        35	       186	261,27430	7,32898e-06	368		1,00
*	~	        36	       184	228,72722	9,95837e-05	481		1,00
*	~	        36	       185	249,39774	1,89432e-05	430		1,00
*	~	        37	       182	335,32636	1,82189e-08	455		1,00
*	~	        37	       184	220,48791	0,000193225	479		1,00
*	~	        38	       172	765,87720	1,1024e-23	436		1,00
*	~	        39	       171	653,28579	1,06362e-19	407		1,00
*	~	        44	        47	212,38285	0,000374674	230		1,00
*	~	        44	        78	175,72710	0,0071241	241		1,00
*	~	        45	        80	273,41142	2,70179e-06	165		1,00
*	~	        46	        79	864,99618	3,42583e-27	151		1,00
*	~	        47	        78	1023,19537	8,36366e-33	257		1,00
*	~	        49	        77	225,90145	0,000126192	263		1,00
*	~	        82	       123	448,06620	1,90388e-12	484		1,00
*	~	        84	       102	250,05823	1,80651e-05	431		1,00
*	~	        84	       122	655,72524	8,78184e-20	475		1,00
*	~	        86	       101	254,30870	1,26539e-05	366		1,00
*	~	        86	       121	754,45757	2,80653e-23	417		1,00
*	~	        87	       120	459,79552	7,31908e-13	317		1,00
*	~	        88	        99	420,68623	1,75645e-11	378		1,00
*	~	        88	       119	467,08333	4,02652e-13	397		1,00
*	~	       144	       170	732,83708	1,6134e-22	390		1,00
*	~	       145	       169	962,63866	1,16861e-30	470		1,00
*	~	       146	       168	968,51408	7,23445e-31	367		1,00
*	~	       147	       167	538,68198	1,2052e-15	223		1,00
