*	~	        17	       132	66,15420	0,0400119	95		0,97
*	~	        18	       131	156,36743	1,22347e-11	112		0,99
*	~	        19	       130	145,11309	2,00339e-10	106		0,98
*	~	        20	       129	133,83414	3,25424e-09	112		0,99
*	~	        21	       128	149,30193	7,06061e-11	147		1,00
*	~	        22	       127	125,29706	2,68953e-08	154		1,00
*	~	        23	       125	111,47492	8,00286e-07	122		1,00
*	~	        30	        53	126,69519	1,85766e-08	65		0,91
*	~	        32	        52	164,40998	1,62781e-12	97		0,97
*	~	        33	        51	69,19422	0,0202057	82		0,94
*	~	        39	       104	92,78721	7,4039e-05	64		0,91
*	~	        46	       114	71,11419	0,012897	50		0,87
*	~	        56	        75	121,57502	6,77688e-08	144		1,00
*	~	        57	        74	176,71710	7,56869e-14	153		1,00
*	~	        60	        73	176,98997	7,02241e-14	122		1,00
*	~	        61	        72	79,72053	0,0017424	100		0,98
*	~	        62	        71	217,25262	2,9928e-18	116		1,00
*	~	       105	       123	155,43981	1,53051e-11	104		0,98
*	~	       106	       122	273,29917	2,2505e-24	122		1,00
*	~	       108	       121	209,74400	1,96273e-17	100		0,98
*	~	       109	       120	122,38435	5,42953e-08	61		0,90
