*	~	        16	       145	139,97036	0,00259747	167		1,00
*	~	        17	       144	344,99736	1,92823e-12	218		1,00
*	~	        18	       143	358,05770	5,08287e-13	235		1,00
*	~	        22	       142	400,31068	6,58006e-15	284		1,00
*	~	        23	       141	369,05448	1,6414e-13	325		1,00
*	~	        24	       138	342,24490	2,5766e-12	281		1,00
*	~	        25	       137	337,55526	4,09706e-12	253		1,00
*	~	        27	        32	128,27755	0,00884657	138		1,00
*	~	        27	        36	122,98859	0,0149681	138		1,00
*	~	        27	        57	130,85346	0,00680224	131		1,00
*	~	        28	        59	178,92010	4,8148e-05	105		0,98
*	~	        31	        58	470,79476	4,84405e-18	93		0,96
*	~	        32	        57	711,93031	9,32552e-29	155		1,00
*	~	        36	        56	163,39748	0,000238421	151		1,00
*	~	        39	       110	268,38225	4,98717e-09	153		1,00
*	~	        43	        48	116,12941	0,0311011	243		1,00
*	~	        63	        97	144,52295	0,0016293	316		1,00
*	~	        64	        95	342,37542	2,50298e-12	298		1,00
*	~	        65	        94	636,64246	2,06341e-25	237		1,00
*	~	        66	        93	397,38025	9,05023e-15	178		1,00
*	~	        67	        78	443,10022	8,28281e-17	208		1,00
*	~	        67	        92	354,53959	7,19715e-13	236		1,00
*	~	       112	       135	245,13437	5,38397e-08	236		1,00
*	~	       113	       134	586,69837	3,47192e-23	281		1,00
*	~	       114	       133	621,02178	1,0145e-24	233		1,00
*	~	       115	       132	410,37069	2,38664e-15	146		1,00
