*	~	        23	       164	196,80652	3,18132e-05	186		1,00
*	~	        24	       161	307,24153	2,19822e-09	214		1,00
*	~	        25	       160	503,42797	9,65892e-17	228		1,00
*	~	        26	       159	543,22995	3,09205e-18	263		1,00
*	~	        27	       158	409,56566	3,18611e-13	308		1,00
*	~	        28	       156	292,12333	8,18835e-09	278		1,00
*	~	        28	       157	140,07846	0,00451952	310		1,00
*	~	        29	       155	323,20496	5,4593e-10	274		1,00
*	~	        32	        36	140,62261	0,00425707	154		1,00
*	~	        32	        58	129,08213	0,0117928	154		1,00
*	~	        34	        60	125,61374	0,0162503	103		0,98
*	~	        35	        59	447,31472	1,21214e-14	123		1,00
*	~	        36	        58	491,09116	2,77736e-16	180		1,00
*	~	        38	        57	183,85274	9,81085e-05	160		1,00
*	~	        40	       124	118,57226	0,0302944	192		1,00
*	~	        65	        95	282,88508	1,796e-08	270		1,00
*	~	        66	        94	395,85716	1,03163e-12	229		1,00
*	~	        67	        93	290,91530	9,03294e-09	162		1,00
*	~	        73	        92	454,44926	6,60832e-15	203		1,00
*	~	       128	       154	496,90673	1,70319e-16	246		1,00
*	~	       130	       152	609,51465	1,02669e-20	311		1,00
*	~	       135	       151	710,29233	1,7545e-24	249		1,00
*	~	       136	       150	417,06645	1,66978e-13	154		1,00
