*	~	        10	       165	221,14245	1,12671e-06	227		1,00
*	~	        11	       164	230,19468	4,39289e-07	228		1,00
*	~	        12	       163	191,72719	2,36667e-05	259		1,00
*	~	        13	       162	199,94666	9,88476e-06	278		1,00
*	~	        14	       161	125,90131	0,0195301	240		1,00
*	~	        15	       158	220,26172	1,20228e-06	237		1,00
*	~	        28	       166	121,70116	0,0293652	200		1,00
*	~	        41	       163	143,01152	0,00342773	262		1,00
*	~	        44	       159	144,86463	0,0028319	290		1,00
*	~	        49	        70	123,46987	0,0251067	96		0,97
*	~	        52	        68	152,98969	0,00123554	163		1,00
*	~	        54	        67	139,35083	0,00501892	156		1,00
*	~	        54	       127	124,48177	0,0228514	150		1,00
*	~	        58	       129	152,12954	0,00135984	175		1,00
*	~	        75	        95	151,95291	0,00140398	267		1,00
*	~	        81	        94	240,02136	1,55196e-07	257		1,00
*	~	        81	       111	165,59475	0,000343057	280		1,00
*	~	        83	        93	165,85265	0,000332218	200		1,00
*	~	        84	        92	178,66934	8,88553e-05	220		1,00
*	~	        84	       109	130,72080	0,0121765	227		1,00
*	~	       130	       157	483,73154	1,29491e-18	261		1,00
*	~	       132	       156	631,19718	2,41194e-25	294		1,00
*	~	       135	       154	596,43920	9,3211e-24	208		1,00
*	~	       136	       153	358,37715	6,73091e-13	145		1,00
