*	~	        22	       158	139,35477	0,00163498	165		1,00
*	~	        23	       157	170,02820	4,18651e-05	199		1,00
*	~	        24	       148	163,92848	8,62627e-05	253		1,00
*	~	        24	       156	143,72920	0,000973896	211		1,00
*	~	        27	       145	119,58794	0,0166782	305		1,00
*	~	        32	        66	130,96900	0,00434274	128		1,00
*	~	        33	        65	370,89341	1,44261e-15	113		0,99
*	~	        35	        64	458,25926	3,93842e-20	169		1,00
*	~	        36	        63	186,36655	6,0157e-06	148		1,00
*	~	        36	       116	112,02039	0,0403409	191		1,00
*	~	        40	       118	216,21330	1,69561e-07	150		1,00
*	~	        73	       111	150,33855	0,000434574	294		1,00
*	~	        75	       110	167,03068	6,09746e-05	323		1,00
*	~	        76	        92	273,41207	1,7714e-10	276		1,00
*	~	        76	       109	201,23419	1,02574e-06	297		1,00
*	~	        77	        91	173,06663	2,95841e-05	189		1,00
*	~	        80	        89	249,44142	3,15998e-09	233		1,00
*	~	        80	        98	292,08599	1,88094e-11	252		1,00
*	~	       120	       141	243,59552	6,35154e-09	232		1,00
*	~	       120	       149	112,69207	0,0381113	197		1,00
*	~	       121	       140	517,79751	3,07131e-23	283		1,00
*	~	       123	       139	528,70672	8,24764e-24	223		1,00
*	~	       124	       138	407,25316	1,8117e-17	141		1,00
