*	~	         4	       160	113,26461	0,0319797	170		1,00
*	~	         5	       152	119,19646	0,0155739	169		1,00
*	~	         5	       159	310,42469	5,1041e-13	195		1,00
*	~	         6	       151	153,70501	0,000205738	189		1,00
*	~	         6	       158	331,83607	3,37835e-14	213		1,00
*	~	         7	       150	130,28189	0,00388673	206		1,00
*	~	         7	       157	319,71190	1,56779e-13	235		1,00
*	~	         8	       149	135,91920	0,00193692	246		1,00
*	~	         8	       156	316,82236	2,30094e-13	271		1,00
*	~	         9	       148	444,47402	2,07905e-20	253		1,00
*	~	        10	       146	260,93013	2,72548e-10	219		1,00
*	~	        13	        54	121,93110	0,0110156	126		1,00
*	~	        14	        52	156,86698	0,00014077	132		1,00
*	~	        15	        51	131,40412	0,00336217	181		1,00
*	~	        24	        51	123,64052	0,00899858	200		1,00
*	~	        44	        74	187,72849	2,8704e-06	185		1,00
*	~	        46	        73	133,29174	0,00266575	128		1,00
*	~	        60	        87	143,16961	0,000786335	234		1,00
*	~	        61	        86	138,59551	0,00136666	225		1,00
*	~	        63	       116	118,17817	0,0174772	150		1,00
*	~	        78	       109	305,67615	9,48427e-13	268		1,00
*	~	        79	       108	397,33891	8,15053e-18	264		1,00
*	~	        81	       107	419,35567	5,06488e-19	241		1,00
*	~	        84	       106	326,06799	7,06641e-14	218		1,00
*	~	        86	       101	370,50073	2,51022e-16	276		1,00
*	~	       118	       145	278,14957	3,07848e-11	249		1,00
*	~	       119	       144	496,02183	2,92648e-23	290		1,00
*	~	       120	       143	424,05163	2,72246e-19	243		1,00
*	~	       121	       142	237,01866	5,6575e-09	118		1,00
