*	~	        10	       163	153,04362	0,00037061	147		1,00
*	~	        11	       162	445,90859	4,64921e-20	200		1,00
*	~	        12	       161	471,18257	1,93536e-21	216		1,00
*	~	        13	       160	513,09990	9,87746e-24	258		1,00
*	~	        14	       158	249,34133	2,31773e-09	239		1,00
*	~	        14	       159	199,41063	1,15304e-06	283		1,00
*	~	        15	       157	460,57807	7,2381e-21	288		1,00
*	~	        16	       154	341,15237	2,37091e-14	247		1,00
*	~	        20	        61	126,13249	0,0100872	158		1,00
*	~	        68	        98	122,85998	0,0149494	253		1,00
*	~	        69	       115	124,52438	0,0122813	225		1,00
*	~	        70	        97	425,69328	5,86952e-19	255		1,00
*	~	        71	        96	576,04781	3,5874e-27	207		1,00
*	~	        71	       114	114,23900	0,0424665	213		1,00
*	~	        72	        95	182,98574	8,87372e-06	160		1,00
*	~	        73	        94	410,73465	3,76667e-18	205		1,00
*	~	        79	       123	120,03007	0,0207342	180		1,00
*	~	        92	       123	121,04866	0,0187975	167		1,00
*	~	       125	       152	329,03037	1,08231e-13	218		1,00
*	~	       126	       151	234,84869	1,42336e-08	281		1,00
*	~	       128	       151	244,14115	4,3903e-09	268		1,00
*	~	       130	       150	424,35597	6,95034e-19	243		1,00
*	~	       131	       148	171,04539	3,98578e-05	138		1,00
