*	~	         9	       173	316,51291	4,83383e-09	247		1,00
*	~	        10	       172	366,03537	4,39313e-11	315		1,00
*	~	        43	       171	274,10748	2,72569e-07	302		1,00
*	~	        44	       170	238,45290	7,63121e-06	338		1,00
*	~	        45	       160	326,75469	1,86505e-09	440		1,00
*	~	        46	       159	437,62660	4,95379e-14	348		1,00
*	~	        47	       158	748,30454	6,50675e-27	351		1,00
*	~	        50	        71	150,71595	0,0275627	178		1,00
*	~	        51	        70	580,32643	6,09125e-20	134		1,00
*	~	        52	        69	698,89448	7,41179e-25	193		1,00
*	~	        53	        66	247,57660	3,26799e-06	210		1,00
*	~	        53	       110	192,91884	0,000554415	219		1,00
*	~	        55	       120	152,13933	0,0242863	309		1,00
*	~	        55	       135	161,97898	0,00966439	269		1,00
*	~	        77	       106	217,45482	5,55635e-05	393		1,00
*	~	        78	       105	295,03089	3,69558e-08	436		1,00
*	~	        79	       104	383,56741	8,4706e-12	365		1,00
*	~	        81	       103	179,97716	0,0018272	255		1,00
*	~	        83	        88	170,19153	0,00448833	255		1,00
*	~	        83	        91	785,81760	1,81835e-28	275		1,00
*	~	        83	       109	178,99886	0,00201224	322		1,00
*	~	        88	        91	171,30061	0,00407706	240		1,00
*	~	       136	       157	572,63616	1,26079e-19	332		1,00
*	~	       137	       156	825,15826	4,16179e-30	396		1,00
*	~	       138	       155	998,27584	2,72328e-37	339		1,00
*	~	       139	       154	514,77348	3,14614e-17	209		1,00
