*	*	         7	       222	535,31539	0,0233177	10		0,33
*	*	         9	        95	1240,08455	2,65534e-08	35		0,79
*	*	        10	        94	899,81359	2,0992e-05	25		0,69
*	*	        11	        93	1395,13744	1,21883e-09	78		0,94
*	*	        12	        92	1264,69791	1,61279e-08	169		1,00
*	*	        13	        91	1067,93960	7,79447e-07	332		1,00
*	~	        14	        90	643,99328	0,00297675	386		1,00
*	*	        98	       227	500,81433	0,0444988	9		0,29
*	*	       105	       217	819,87376	9,99888e-05	106		0,98
*	*	       106	       216	1238,48333	2,70138e-08	45		0,85
*	*	       107	       215	1174,48701	9,62953e-08	170		1,00
