*	~	        10	       139	96,95009	0,0221316	71		0,92
*	~	        11	       137	157,28944	4,33196e-06	34		0,79
*	~	        12	       136	129,18086	0,000232419	37		0,81
*	~	        15	       133	152,17434	8,87552e-06	65		0,91
*	~	        23	        79	184,74601	8,70483e-08	34		0,79
*	~	        24	        78	134,11260	0,000113681	38		0,82
*	~	        25	        76	158,74754	3,44325e-06	55		0,89
*	~	        26	        75	280,70805	9,62053e-14	86		0,95
*	~	        27	        74	241,62976	2,5888e-11	78		0,94
*	~	        28	        73	228,51713	1,68527e-10	89		0,96
*	~	        29	        72	235,67862	5,97196e-11	60		0,90
*	~	        38	        66	150,17295	1,18237e-05	30		0,75
*	~	        41	        61	164,68607	1,49754e-06	47		0,86
*	~	        42	        59	148,52977	1,48723e-05	24		0,67
*	~	        43	        58	252,62394	5,3021e-12	38		0,82
*	~	        49	        56	105,79011	0,00635242	17		0,54
*	~	        82	       129	113,76227	0,00203489	53		0,88
*	~	        94	       118	147,87814	1,62082e-05	24		0,67
*	~	        97	       115	266,14410	7,67856e-13	63		0,91
*	~	        98	       114	176,73131	2,67131e-07	46		0,86
*	~	        99	       113	108,42787	0,00438938	58		0,89
