*	~	         3	       145	215,51688	2,46586e-06	105		0,98
*	~	         4	       143	152,95067	0,00195024	71		0,92
*	~	         5	       142	253,22197	4,3218e-08	52		0,88
*	~	         9	       138	142,13515	0,00621842	89		0,96
*	~	        16	        76	283,69816	1,6285e-09	40		0,83
*	~	        17	        75	215,16067	2,53704e-06	53		0,88
*	~	        18	        73	290,59959	7,98198e-10	67		0,91
*	~	        19	        71	416,71794	1,02866e-15	99		0,97
*	~	        20	        70	305,85710	1,52582e-10	132		1,00
*	~	        21	        69	289,33638	8,94668e-10	107		0,99
*	~	        22	        68	135,39593	0,0125958	69		0,92
*	~	        23	        68	168,47366	0,000376978	74		0,93
*	~	        34	        62	215,46103	2,46586e-06	30		0,75
*	~	        37	        56	378,73372	6,11456e-14	50		0,87
*	~	        38	        55	223,29571	1,08019e-06	30		0,75
*	~	        40	        54	236,90166	2,45717e-07	45		0,85
*	~	        45	        52	174,37743	0,000196301	20		0,60
*	~	        78	       131	136,78463	0,0109384	34		0,79
*	~	        81	       128	133,20042	0,015784	70		0,92
*	~	        91	       114	194,16565	2,39949e-05	58		0,89
*	~	        94	       111	357,92092	5,67236e-13	78		0,94
*	~	        95	       110	270,45818	6,77641e-09	64		0,91
*	~	        96	       109	147,65610	0,00343448	82		0,94
