*	~	        10	       215	370,15431	7,07048e-09	129		1,00
*	~	        11	       214	383,01761	2,51114e-09	178		1,00
*	~	        12	       213	510,15124	9,15019e-14	112		0,99
*	~	        13	       212	376,93403	4,04059e-09	92		0,96
*	~	        14	       211	377,29526	3,9291e-09	76		0,93
*	~	        17	       207	362,53513	1,30835e-08	125		1,00
*	~	        24	       102	532,42080	1,52306e-14	67		0,91
*	~	        29	       101	352,08939	3,02787e-08	72		0,92
*	~	        30	        99	492,06830	3,92691e-13	97		0,97
*	~	        31	        98	662,96352	4,03664e-19	158		1,00
*	~	        32	        96	581,17165	3,01263e-16	171		1,00
*	~	        33	        95	508,15068	1,0526e-13	174		1,00
*	~	        35	        94	560,40751	1,57404e-15	127		1,00
*	~	        46	        87	331,44984	1,57621e-07	59		0,90
*	~	        49	        82	528,69041	2,01558e-14	96		0,97
*	~	        50	        79	361,09132	1,46324e-08	62		0,90
*	~	        52	        78	605,52391	4,23553e-17	59		0,90
*	~	        69	        76	315,22740	5,86341e-07	31		0,76
*	~	       139	       199	240,29605	0,00023681	108		0,99
*	~	       140	       198	244,10374	0,000174285	117		1,00
*	~	       142	       197	215,73820	0,00170982	92		0,96
*	~	       150	       186	401,69989	5,54101e-10	64		0,91
*	~	       153	       175	652,65209	9,35993e-19	132		1,00
*	~	       154	       174	436,58161	3,37184e-11	84		0,95
*	~	       155	       173	268,84022	2,40586e-05	115		0,99
*	~	       159	       170	215,55710	0,00170982	73		0,93
*	~	       161	       169	387,99324	1,69722e-09	92		0,96
