*	~	         6	       219	271,93554	0,00027535	70		0,92
*	~	        10	       216	351,23505	1,75441e-06	115		0,99
*	~	        18	       104	461,66742	1,54314e-09	59		0,90
*	~	        19	       103	346,61532	2,33841e-06	75		0,93
*	~	        20	       101	399,92745	7,93417e-08	115		0,99
*	~	        21	        99	622,20403	5,40624e-14	151		1,00
*	~	        22	        98	597,56529	2,60889e-13	160		1,00
*	~	        23	        97	530,82001	1,83841e-11	166		1,00
*	~	        24	        96	479,13320	4,98787e-10	136		1,00
*	~	        32	        89	342,53154	3,04859e-06	48		0,86
*	~	        35	        83	578,24841	9,02681e-13	76		0,93
*	~	        36	        82	340,71562	3,40477e-06	60		0,90
*	~	        63	        81	617,40783	7,37376e-14	58		0,89
*	~	        72	        79	266,94894	0,000374888	38		0,82
*	~	       157	       206	201,67662	0,0233847	80		0,94
*	~	       166	       198	379,86290	2,86228e-07	49		0,87
*	~	       169	       195	588,35194	4,74653e-13	119		1,00
*	~	       170	       194	380,80828	2,67852e-07	78		0,94
*	~	       171	       191	245,65024	0,00146876	110		0,99
*	~	       182	       183	200,51893	0,0255263	82		0,94
