*	~	        21	       101	529,23770	4,94883e-11	56		0,89
*	~	        22	       100	327,37192	1,05276e-05	76		0,93
*	~	        23	        98	365,93866	1,01515e-06	102		0,98
*	~	        25	        97	310,17921	3,02827e-05	149		1,00
*	~	        29	        94	199,67081	0,0252025	149		1,00
*	~	        46	        85	329,49776	9,28343e-06	49		0,87
*	~	        49	        79	544,84551	1,90461e-11	79		0,94
*	~	        50	        78	361,29014	1,33863e-06	69		0,92
*	~	        61	        77	370,78840	7,50723e-07	63		0,91
*	~	        68	        75	237,69591	0,00247931	42		0,84
*	~	       105	       166	273,13317	0,00028436	110		0,99
*	~	       106	       162	204,34984	0,0190962	67		0,91
*	~	       116	       145	321,78919	1,49719e-05	56		0,89
*	~	       119	       142	627,17636	1,28334e-13	125		1,00
*	~	       120	       140	303,16766	4,64462e-05	99		0,97
*	~	       123	       139	204,72897	0,0186206	113		0,99
*	~	       125	       136	233,61323	0,0031896	115		0,99
*	~	       126	       134	210,27139	0,0134161	109		0,99
