*	~	        10	       166	228,85144	0,005452	131		1,00
*	~	        11	       165	233,31441	0,00424354	178		1,00
*	~	        12	       164	279,66978	0,000292936	102		0,98
*	~	        13	       163	223,44720	0,00745739	83		0,95
*	~	        14	       162	288,36300	0,000177449	75		0,93
*	~	        17	       159	346,82987	6,01864e-06	125		1,00
*	~	        25	       100	393,83283	3,9821e-07	48		0,86
*	~	        26	        99	309,78022	5,06765e-05	64		0,91
*	~	        27	        97	431,65043	4,53481e-08	96		0,97
*	~	        28	        96	325,74658	2,02144e-05	128		1,00
*	~	        29	        96	192,84670	0,0439878	138		1,00
*	~	        30	        95	419,31884	9,2264e-08	149		1,00
*	~	        31	        94	458,01481	9,86826e-09	159		1,00
*	~	        32	        92	483,47409	2,239e-09	127		1,00
*	~	        42	        85	355,25758	3,72257e-06	49		0,87
*	~	        55	        79	367,82593	1,79192e-06	91		0,96
*	~	        56	        78	219,47006	0,00938297	72		0,92
*	~	        57	        76	447,25952	1,80865e-08	62		0,90
*	~	        65	        72	276,60437	0,000346209	31		0,76
*	~	        86	        90	197,00512	0,03424	54		0,88
*	~	       102	       154	205,54056	0,0211831	47		0,86
*	~	       103	       152	328,63713	1,71036e-05	103		0,98
*	~	       104	       148	196,98297	0,03424	120		1,00
*	~	       105	       147	275,02092	0,000384318	73		0,93
*	~	       115	       138	379,46288	9,18348e-07	60		0,90
*	~	       118	       135	585,63504	6,18543e-12	118		1,00
*	~	       119	       134	327,62463	1,82097e-05	96		0,97
*	~	       120	       133	196,85311	0,0349623	99		0,97
*	~	       124	       131	243,98094	0,00226803	104		0,98
*	~	       125	       130	206,94762	0,0194859	85		0,95
