*	~	        12	       174	225,15697	0,000253618	137		1,00
*	~	        13	       171	195,67315	0,00453224	91		0,96
*	~	        14	       170	389,31505	1,98977e-11	82		0,94
*	~	        17	       167	387,10520	2,53662e-11	124		1,00
*	~	        28	       103	505,83364	1,61483e-16	55		0,89
*	~	        31	       102	319,32333	2,24381e-08	86		0,95
*	~	        32	       100	400,11598	6,66983e-12	108		0,99
*	~	        33	        98	659,99166	2,87088e-23	152		1,00
*	~	        34	        97	585,76780	5,14665e-20	180		1,00
*	~	        37	        96	193,18948	0,00596378	156		1,00
*	~	        38	        95	171,92504	0,0450678	116		1,00
*	~	        46	        87	319,31328	2,24381e-08	43		0,84
*	~	        49	        81	569,09371	2,72896e-19	74		0,93
*	~	        51	        80	362,37999	2,98971e-10	52		0,88
*	~	        62	        79	538,07522	6,25198e-18	58		0,89
*	~	        70	        77	285,95163	6,07555e-07	25		0,69
*	~	        88	        92	177,82881	0,026234	57		0,89
*	~	       106	       162	232,58917	0,000124026	103		0,98
*	~	       109	       157	185,67064	0,0120541	82		0,94
*	~	       118	       147	426,04791	4,98943e-13	59		0,90
*	~	       121	       144	595,60919	1,8607e-20	118		1,00
*	~	       122	       143	403,46983	4,82416e-12	94		0,97
*	~	       123	       142	247,37801	2,83905e-05	121		1,00
*	~	       128	       140	182,66606	0,016462	89		0,96
*	~	       134	       139	185,39513	0,0125334	100		0,98
