*	~	        20	       214	294,22105	0,010391	155		1,00
*	~	        24	       208	353,81748	0,000390915	145		1,00
*	~	        33	       107	788,63343	9,50774e-15	85		0,95
*	~	        34	       106	570,77125	2,06826e-09	102		0,98
*	~	        35	       104	681,50740	3,98242e-12	138		1,00
*	~	        36	       103	1077,76016	7,21401e-22	198		1,00
*	~	        37	       102	924,96728	4,1704e-18	217		1,00
*	~	        38	       101	911,62919	8,97149e-18	221		1,00
*	~	        40	        99	896,82885	2,08339e-17	176		1,00
*	~	        54	        91	575,63391	1,58443e-09	73		0,93
*	~	        62	        85	327,42380	0,00168136	94		0,97
*	~	        63	        85	277,64595	0,0251897	109		0,99
*	~	        64	        84	293,12118	0,0107827	95		0,97
*	~	        65	        83	760,89758	4,5596e-14	65		0,91
*	~	        72	        79	474,23095	4,73382e-07	46		0,86
*	~	       110	       205	295,86444	0,00929897	171		1,00
*	~	       112	       200	328,45513	0,00156043	181		1,00
*	~	       114	       199	466,73647	7,1824e-07	148		1,00
*	~	       158	       189	598,99527	4,17782e-10	85		0,95
*	~	       161	       179	968,42615	3,5917e-19	178		1,00
*	~	       162	       178	695,16559	1,85572e-12	122		1,00
*	~	       163	       177	383,20525	7,48591e-05	171		1,00
*	~	       169	       174	432,18458	4,95001e-06	148		1,00
